timestamp,model_path,model_name,model_size_gb,limit,seed,duration_seconds,total_samples,failed_samples,failure_rate,total_tokens_generated,generation_time_seconds,tokens_per_second,sample_time_mean,sample_time_median,sampler_config,allow_thinking,ifeval_prompt_level_strict_acc,ifeval_inst_level_strict_acc,ifeval_prompt_level_loose_acc,ifeval_inst_level_loose_acc,gsm8k_exact_match__strict-match,gsm8k_exact_match__flexible-extract,truthfulqa_gen_bleu_max,truthfulqa_gen_bleu_acc,truthfulqa_gen_bleu_diff,humaneval_pass_at_1__create_test,mbpp_pass_at_1,drop_f1,drop_em,mmmu_val_science_acc,mmmu_val_humanities_and_social_science_acc,cpu_model,cpu_count,memory_total_gb,gpu_device,os,nobodywho_version,nobodywho_commit,nobodywho_dirty
2026-03-17 03:31:26,../../../../model_dir/qwen/3.5_4B/Qwen_Qwen3.5-4B-IQ4_NL.gguf,Qwen_Qwen3.5-4B-IQ4_NL,2.45,200,42,2967.09,1434,0,0.0,264185,2251.91,117.32,,,"{'temperature': 0.7, 'top_p': 0.8, 'top_k': 20, 'min_p': 0.0, 'presence_penalty': 1.5, 'repetition_penalty': 1.0}",False,0.8,0.8584905660377359,0.82,0.8773584905660378,0.94,0.94,34.421630358742085,0.59,18.92846848600704,0.6402439024390244,0.555,0.4653,0.43,0.4666666666666667,0.7416666666666667,QEMU Virtual CPU version 2.5+,16,31.34,nvidia (10DE:2230),Linux,0.9.0,8227f1d76cc7afcb3f97a9db8fb2a0351898aa3e,True
